000100000110000110110010000010001010010010100001001011111101
111000100011111011111101111000101101111011000110110101010111
000011101110000001111100011010111101011010000101011001011111
111000101111111011111110101100111101111011000111110001011111
000000100110000010111100011010101101011010000111011001011111
111000100011111011111100101000111101111011000111111100011111
000000100010000011111101001000001101011010000111011100011111
111000100011111011111100101010011101111011000111111100011111
000010101010000011011100001000001101011011000111011100011111
111011101011111011111101101000011101111010000111111100011111
000010100010000011111100001010011101011011000101011100011111
111011101011111111011100101000011101111010000101111100011111
000010101010000011011101001000011101011011000101011100011111
111011101011111011111100101010001101111011000111111100011111
000000101010000011011100001000011101011010000111011100011111
111010101011111011111101101000011101111011000111111100011111
000010100010000011111100001010011101011000000101011100010111
111010101011111111011100101010011101111000100101111100011111
000010101010000011011100001010011101011000100101011100010111
111000111011111011111100101010011101111000100111111100010011
000000100010000011111100001010011101011000100111011100010011
111010101011111011011100101010011101111000100111111100010111
000010101010000011111100001010011101011000100101011100010111
111000111011111011011100101010011101111000100111111100010011
000010101010000011111100001010011101011000100111011100010011
111000101011111011011100101010011101111000100111111100010111
000010111010000011111100001010011101011000100111011100010011
111000101011111011011100101010011101111000100111111100010011
000111000100000010110010010000110010000100101111011001100000
111110100111111110110110110101101111111010000100101001011111
000110100010000000111100011010101101011011000101011001011111
111111101111111100111100101011111101111010001101111001001111
000010100100000100111000011011111001011111001001011001001111
111011100011111100111001101011101001110011001001111001001111
000010101110000100111001011011111001011010001101011001001111
111111100101111100111000101011111001111111001001111001001111
000010100010000100111100011011101001011011001001011001011111
111011101111111101111100111010111001111010001101111001011111
000010100100000101111110001011111001011111001001011101011111
111011100011111101111100111011101101111011001001111101011111
000010101110000101111100001011111001011010001101011001011111
111011100101111101111110111011111001111111001001111101011111
000010100010000101111100001111101101011011001001011101011111
111010101111111001111100111011111101111010001101111101011111
000011100100000101111100001011111101011011001101011101011111
111010100011111101111100111011101001111010001001111001011111
000011100110000100111100011010111001011011001101011001011111
111010100101111101111100101011111011111010001101111101011111
000011100110000101111100011011101010011011001101011101011111
111010000011111101111110101011111001111111001001111001011111
000011101100000101111110011011111001011010001001011101011111
111010100111111001111100101111101101111011001101111101011111
000010100010000001111100011011111101011010001101011100011111
111011100001111101111100101011111101111011001101111101011111
000010101110000101111100011011101001011111001001011001011111
111001000111111101111110111010111001111111001001111001011111
000101001100000010110110011001011011010011000010011011101111
111001100111111000110001110001110000111010000111111011101111
000001100110000001110001011000101001011011000111011011001111
111001001111111001110101111000111001111011010111111011011111
000001000110000001110111011000101001011011010111010001011111
111010001111111001110111111000111001110010000111110001011111
000011000110000001110111011000111001010010000101010001001111
111010000111111101110111111000111011111010000101110001011111
000011001110000101111111011000111001011111000001011001011111
111000000111111101110111111000101001111111000001110001011111
000011000110000101111111011000111011010010000001010001011111
111010001111111001110111111000111001111010000101110001011111
000001001110000001110111011000111001011011000111011001011111
111001000111111001110111111000101001111011010111111011011111
000001011110000001110111011000101011011011010111011011011111
111001000111111001110111111000111011111011010111111011011111
000001001110000001110111011000101001011011010111010001011111
111000000111111001110111111000111001110010000111110001011111
000001000110000001110111011000111011010010000111010001001111
111001001111111001110111111000111001111010010111110001011111
000000000110000001110111011000111001011011000111011001011111
111001010111111001110111111000101011111011000111100001011111
000000010110000001110111011000111011011011000111010001011111
111001000111111001110111111000101011111011000111111001011111
000001001110000001110111011000111001011011010111011011011111
111001000111111001110111111000101001111011010111110001011111
000010001110000001110111011000111001010010000111010001011111
111011000111111001110111111000111001110010000101110001001111
000000111110000110010001000111001011001001100101000001000110
111100000111111110111100111110110111111111000010111001001110
000110101110000000110100011001101111011011000101011001001111
111011101111111100011100101001111001110010001111111001011111
000010100110000101111101011011101001011010001001011101011111
111011100011111001111100101011111101111011001101111101011111
000010101100000101111100011111111101011010001101011101011111
111010100111111101111100101011101101111111001001111101011111
000011100010000101111100011011111001011011001001011001011111
111010001101111101111110111010111001111011001101111001011111
000011000110000101110110011011101001011111001001011101011111
111010000001111101110110111011111001111011001001111001011111
000011101110000101111110011010101001011011001101011001011111
111110100111111100111100101011111011111010001101111001011111
000111100000000100111100011011111001011111001001011001001111
111010101111111100111000101011101001111011001001111001001111
000011100110000100111001011011111001010010001101011001001111
111010100101111100111001101011111011111011001101111001001111
000111100010000100111000011011101001011010001001001001001111
111110100111111100111000101011101001111011001101111001001111
000011101110000100111100011011101011011111001101011001011111
111000100111111101111100111010111001111111001001111001011111
000000100000000100111110011010110001011110001001011001011111
111001101111111101111110111010110001111111001001111001011111
000010000100000101111110011010111001011011001001011001011111
111011000011111101110110111011101001111011001101111101011111
000010001100000101110110011011111001011111001001011001011111
111001100111111101111110111010101001111111001001111001011111
000101101000000001100101011100011111000111110110010011110011
111000001111111000111100111100101101101101110111111001000100
000100101110000010111100001110100101001011010111000001011011
111110100111111010111100111100100101111010000101111001011111
000110100110000100111100000011111111011011000101011001001111
111011100011111100111000111011101001111010001001111001001111
000010100110000100111001001011111001010011001101011001001111
111011100101111100111001111011111011111010001101111001001111
000110100010000100111000001011101001011111001001011001001111
111011101111111100111100111011111001111011001001111001011111
000010100100000101111100011010111001011010001101011001011111
111011100111111101111110101011111011111011001101111101011111
000010100000000101111100001111011101011010001001011101011111
111010101111111101111100111011111101111111001001111101011111
000011100100000101111100001011111001011011001001011001011111
111010000011111101111110111011101001111011001101111101011111
000011001110000101110110011011111001011111001001011001011111
111000100101111101111110111010111001111110001001111001011111
000000100010000100111110011010110001011111001001011001011111
111011101101111101111100111010111001111011001001111001011111
000010000110000101111110001011101001011011001101011101011111
111011101111111101111110111011101011111011001101111001011111
000010100110000100111100011010111001011010001001011001011111
111011100001111101111100101011111001111011001101111101011111
000010001110000101111110011011101001011111001001011001011111
111001000111111101110110111010111001111111001001111001011111
000010101100000101111110011010111001011010001001011001011111
111111100111111100111100101011101001111011001101111001011111
000000011110000111000100010000100001001110100001010000100100
111101000111111000011011111000110111110000010110100000010001
000100100110000000011110011100100110000000000110001001010101
111100100111111100011100111100100111110000101110101100010100
000100100110000001011100001101001111000000101110000100110001
111100010011111100011100101111101111101000101110100100110011
000000010010000001011100001111011111011000101110000100110011
111010111011111011111100101111011101111000101111111100110011
000000111010000011011100001110011101011000101111001110110011
111010111011111011111100101110011101101000101111100100110011
000000111010000001011100001111011101011000101111000100110011
111000110011111011111100101111111101111000101111111101110011
000000110010000011111100001110011100011000101011001111110011
111010111001111011111100101110011100101000100011100101110011
000000111110000011111100001110011100011000100011000101110011
111000110101111011111100101110011100111000100011100101110011
000010111110000011111100001110011100011000100011000101110011
111000111101111011111100101110011100111000100011100101110011
000000110110000011111100001110011100011000100011000101110011
111010111101111011111100101110011100111000100011100101110011
000000111110000011111100001110011100011000100011000101110011
111000110101111011111100101110011100111000100011100101110011
000010111110000011111100001110011100011000100011000101110011
111000111101111011111100101110011100111000100011100101110011
000000110110000011111100001110011100011000100011000101110011
111010111101111011111100101110011100111000100011100101110011
000000111110000011111100001110011100011000100011000101110011
111000110101111011111100101110011100111000100011100101110011
